RESULTADOS
Media: 99.48764050944486
Desvío estándar: 24.102201483379396
Varianza: 580.916116345416

DATOS GENERADOS
104.19227077134764
92.16747041983692
73.87450013268075
69.21791266854898
76.68969783287203
82.61547459084585
149.97088398063948
92.01256243185959
94.45570960427334
103.82492515308056
74.33116679752416
89.46339913660043
100.63321880996612
91.80100459589372
47.49839454656993
130.98083564980098
110.95481595207
98.23666966465294
91.23471415977038
115.36279629215598
92.39191703373666
148.42662700649515
101.25114335700523
97.61185191312059
84.16751217467439
88.63177495249616
159.06939004447813
69.39679887916988
135.1733336981245
125.94365098324626
86.72951433528921
106.73709423953564
121.10608283544347
77.32959239505878
135.18634877123202
132.41024861518028
76.2430835593663
116.58201874050002
102.54928640893289
96.55808923837368
95.10607795558366
132.73343756658215
102.33915039407512
128.26415108885635
88.7748015022388
87.48138637084622
111.87238002661219
81.95799958165897
82.64495379370777
143.90848183806168
85.88305412524456
72.1177081635526
82.0792623702908
107.74474939067977
88.81408089951776
64.96890725081539
93.89111211595679
86.4248350376591
151.4058576376114
104.78784623470622
95.32464926783574
92.42104863585647
35.31252571110642
98.49999850612657
94.82672964630576
112.56956343909253
72.7815272303729
119.8740475355733
82.12235941654282
130.20490467412853
105.44086279216513
48.727655085789145
69.34934271524563
70.64569873600682
109.15950212425182
67.18304893081508
130.58815021238667
120.30367426127796
140.37961286517273
134.91763591778476
90.23998847699954
79.58441226211852
69.70399851362278
87.95731030959429
75.93481921356987
111.80445060634804
63.02798194700398
115.72034817842018
99.2992372929833
127.52915449560521
86.64866490957557
128.17189872506546
101.54187758290212
92.93992870848541
106.43912047562083
94.33094186528054
108.96609260729664
103.81554761948966
98.98685840893742
139.27486532502166
