RESULTADOS
Media: 5.0156
Desvío estándar: 3.1075

INTERVALO DE CONFIANZA (99%)
4.7624 <= mu <= 5.2687

VALORES GENERADOS:
0.336617378820824
2.2978182397973326
8.645729492915798
11.802962277025973
8.589481773003383
8.715498346523948
7.478964805090833
4.671249903876334
3.407533119099552
6.360213607253656
3.975784959405871
9.794406545881088
1.1075926685717938
2.2750424031729177
1.6111659981749842
6.420570834761037
6.233593465866252
4.084654483831705
9.529879724032075
3.4000646801958
4.009045195659058
8.789509510056426
1.4271611526774954
9.094381776411229
9.13706207834024
2.512054110768434
3.0656036152394237
4.73802637444752
5.55182118510719
4.778029567950477
7.477626949138402
3.6474125111497635
6.799971881676419
-0.9742787454824482
5.172166994447508
6.699519895600333
7.374766743992667
4.16879316875862
1.8073520376053542
4.226986287242418
2.388561336360925
8.046754071436036
-3.7852446233781034
6.1457426232916035
1.682098052504406
10.448547553843564
6.0190798038881805
10.978470360223142
4.0069108194605985
6.229021045756419
1.743078689701032
2.3846428695951296
-0.8732532976306313
8.716719982460788
8.915198528990096
4.913255060425115
7.704523511247518
4.867663350259726
2.021551691532197
9.881124492790823
7.241095927035196
0.7953630655251862
6.874510095667169
9.109417770827063
3.259680272269224
7.231936830922108
-1.829425781403046
8.121618398557938
2.956915581978726
5.450421021275608
7.01336410128955
6.6115335770246855
5.967473302780961
1.750434752026928
4.478625150714694
3.3262427852294287
6.515806029093891
8.835406510398617
4.115059034330817
4.004111206964692
4.336360413483943
6.388747519248794
3.9510990986615218
1.0459732391053356
6.9168811380138955
9.559354512418157
4.6716815403000505
2.274529984726846
7.3897828243508945
6.924524589737045
6.33978331865614
3.8641498057901926
2.8614672792688474
4.040503217289126
1.5928714972704014
3.406701887767194
4.350737246317644
6.178560206533975
6.842683600408433
5.112961511308219
6.639198137880921
0.3620627862295205
2.4644086625672825
0.47499704406154386
9.813579471332748
2.659004919046027
4.270137846720802
3.1006605814588393
2.6640615752804795
6.208840986973671
2.8956059054942918
9.941399768058258
8.926214845968856
7.972175246119235
11.200024312382519
5.983219830404464
3.0741156857957317
2.936454583673269
5.448723186022389
9.750901010585428
0.08388621444341204
1.4631522203339733
3.570620516373337
1.9693753035718187
8.057747929908633
3.0084801235535874
3.8740087536620536
6.499145432266842
4.839483812470828
4.278595949632139
10.207289648854665
9.10239623266165
4.214577802313563
5.1436719492738785
3.0013374966467468
1.2051069935479628
9.712673340405036
4.861998143578802
1.2897292354148253
6.638519773921713
6.481655624594609
3.2808204627047735
7.190763988725206
6.9387691462633665
4.481114343794297
-0.4716742980248467
7.108519398499125
5.246586179101238
4.7841287271178645
5.488226768879674
9.342613740069003
3.668300731914273
1.9969509829537944
6.0652563557280015
7.19685823793697
8.212443459381936
3.490935594058927
7.172992329762587
1.1569062463684503
5.3875979650157815
2.4385352403719454
1.5559729454603461
6.257594391883112
7.464499264085862
1.203213811268474
6.52392334760845
6.043221255160706
9.308419349370936
5.787647054994579
0.3938086471718911
4.675096874299289
8.58828088987288
-0.7212944268652235
8.10271681937063
1.3709691280602487
5.396015997478663
4.884599364543229
4.343781348333525
4.042360343606205
1.7264749442381007
5.564961460521387
5.219654879419304
7.297186245365863
7.888322494983765
4.358682646541126
1.7221109504656336
5.925112008918478
4.4141725618521415
7.030519804043985
7.766066009501673
-0.4868239923113471
2.772433963470771
5.802452581568144
4.34756310800182
10.243816767382082
5.305185068291096
1.2343259074074586
2.1201117994751666
5.50116498788615
6.2747556023730375
8.579507851287552
0.9831940931619219
-1.723833716477472
4.24756870897123
8.249229199318185
4.659196093459418
4.87094462193947
-0.22250653395858322
3.3429588201688842
4.64751695988744
11.042205736905714
0.6293992899704328
6.107825170744842
-0.7799464319504477
0.3353064880805272
7.543946780368899
4.141199368682364
7.710875031832684
4.706666461948348
10.174333420098202
6.969434012659136
4.919126105625418
9.255120124038521
1.4820007957632235
5.627834332636398
2.99986431715304
8.109645121978318
9.948891652900496
4.315266459002951
9.450874059817181
0.7237696428777376
10.355463227672965
-1.1762474128238427
6.675913567727042
-0.8774000954526358
7.763096098780128
4.271853301168868
10.44406011592811
-1.6308844167103471
4.763384310761142
-0.08130381123306574
1.906017932595164
6.803893293854621
3.302371426947258
10.196314949603593
4.467585561626752
8.006408694474796
11.107930713515033
4.380918438467448
0.4277525479315898
8.467723809188712
9.453448277306352
5.31761112842329
5.081114501397168
3.7251474081645357
8.06537748556117
8.164062404298877
3.744333756188989
1.3669830934545546
5.842777573532348
7.215702630357583
2.3703327107632077
7.917695576602608
-0.4991902801849841
2.683601222791534
5.261875155463729
6.826256253864823
2.8576874091585536
0.004429792154457601
6.893841336138324
0.8151520371278682
3.177898301715765
7.595155336940169
6.570878879119461
-0.04940945549419418
7.120686427961415
4.1161910904150405
1.2787364847388787
3.7609430561783963
7.785450399372705
9.242829278931904
2.750824216397561
2.267902450382313
2.4564007040851976
5.329080006272373
4.335972982764093
3.516148483090179
4.142652774584198
6.070124358699566
6.360935780792831
4.288545512469306
2.446820239736285
5.128375904739448
3.2031889974760217
0.15524112064096585
7.434066236015706
5.483290345175737
5.280779640802093
10.445778231157504
3.5615266774530037
7.801234390843132
7.436693014936594
6.719994901872328
2.411071448779824
7.2319919047018875
9.329511118624934
4.631467165779756
9.15914780123217
5.3470155479984385
5.823963906078126
7.171289919166224
10.95469160235902
6.859860679600306
5.044244360267494
4.276075576420967
6.897038653479776
1.1897416099169211
12.675167546378653
10.726883980152916
7.2588412348495
8.779225490592278
4.922387639935796
2.5195473471676078
2.011297617366568
1.1012528680748472
11.729996132762292
8.035731511280307
9.644510480351432
6.903009305450251
3.5025782217504013
4.073528384839132
-1.5048511978477244
2.9257741762669136
6.12349937637542
4.0026299887301215
2.0771320136790274
5.877061434369734
1.1621400793834722
8.581513831875185
3.3616834286691035
6.473518268247524
2.417691513628001
0.8179724467081027
4.142137463158726
1.0416956401398112
1.2749946157463228
3.3237976958772886
5.138555609893627
5.474806073029672
2.2378919169716696
5.614425809130401
6.459564893019937
5.131596897474668
3.6827233454962336
7.058620750608449
1.4692505887766618
1.3846981728850238
6.599046665396081
3.4777551847865693
0.8855555992596962
3.3716350488656746
-0.5326472810851008
4.992442316645059
5.945659396128297
12.727774430317798
8.323122653087744
-4.076519181035049
5.4265273736917665
1.30614486642121
7.715218118796759
5.860386226559027
1.307796713506062
8.88513915344882
18.597729756702286
5.7828039686481025
6.439711496273466
2.43571518200359
2.882108525201995
8.63830036980169
-0.4160221011248648
8.354263384863732
4.82673501616015
7.08765984796532
4.452912447019335
3.468637867969404
0.5556549521263809
2.189371540246507
6.669674235453202
9.205047601477379
5.172356428899715
-1.3917199953787307
6.4685627271217605
1.1103984685607586
10.030687309135553
10.24363560381682
1.2055985604419788
4.6107383621999825
4.226750339012309
4.349276394508297
8.618694266509575
7.75919303955598
4.594469788228633
-0.31307950509723703
3.8226774326472563
7.373896453607424
5.814381064525465
10.761341011079688
9.96144728637001
4.028335488814261
9.22029386959424
8.34574891493763
4.224103813610507
1.3466966239851383
6.059495353977339
8.478087816394792
4.578947679554365
6.931540597934584
2.4753656576602587
6.055986605986669
11.051204477752194
4.001281075974642
7.577665417799618
11.21288972324327
5.699964230911147
2.630826356100035
3.4540288335788065
1.1991202777154384
0.04598131399312422
4.089498560496123
1.016364348782393
4.167245934589101
5.820482726593386
5.803050122971435
4.790739192201049
7.9880973691575
1.500014712495052
5.015964193522693
3.0697784864069533
2.7507119423945907
4.1392858424695715
6.9364340066724335
4.250994659316092
5.924131470923382
3.761236410402637
7.499722577678732
7.6361736024920415
6.25507936382931
4.925345880739531
1.9048378726695505
1.757167611975408
8.958656148162657
8.321848679020722
4.780901820097981
6.208255961322952
4.881021054429239
2.2315472293276164
2.854682035803443
0.8785582333840161
11.206406647234918
5.572255578076327
3.1945614091892045
4.716138709377656
7.083312054965207
7.875672009840697
11.120838441179284
11.066719598869359
2.6947296265137917
3.5717374024695387
3.2004692734424154
8.780480959024416
4.504609777225313
5.505245549735527
-1.2241337749592747
7.171791522178404
3.5405000906122934
8.041831723587872
-0.5210347100592321
2.942358679242509
5.280927096907051
4.998106602623316
3.694594314473247
2.3430472070294734
8.761506969009472
5.623334844653149
12.680001663728913
3.4991843050897815
0.369483420946092
5.026947425732992
4.1048783071759525
0.6077075120363293
3.9160579498580748
3.580919667697068
4.648446397879436
6.213405596968359
-2.180631394592467
3.250889264462304
2.546412033580334
-1.1279886363791594
3.100560695260053
5.874371606811181
5.157917536094627
3.6658801709866626
4.241273205336686
5.529505949369771
6.005756536892664
-0.5129792517161089
10.277548836745499
5.006260543504041
7.311309831059216
7.13121920758762
5.232562406412701
1.8163585152430555
4.555674708457617
3.1599779303249296
1.7724886813908025
8.699682014188252
3.5314571278698317
0.3787018328380185
4.643971186843537
3.7477921256583575
5.095908794494493
9.924871418367388
4.358917548775543
6.108711530625111
4.8696043582923325
3.9424620106301744
5.443175613267872
13.975688639182975
7.219650721364097
2.8467733167156366
7.201806221737767
3.0154543690936193
6.456690549229991
3.8344593085629235
5.701253283352995
2.1185735012977482
6.771550293909362
3.43053172736262
3.0336655541075617
2.6615642643002393
7.653142820617113
8.433380834826906
5.339798796651
4.452805641841738
5.989175249334574
1.9661103835138518
1.5842509854232603
1.5350679884963343
2.288670823505678
9.83842681406584
2.7700239153977777
3.807802344752206
3.16632786801015
6.051077009540674
2.8978217136956723
4.562323460683942
7.082274506135523
9.969894090973188
2.5442343746555878
6.321249343394278
6.882525675019297
4.532286108707924
7.88379041329428
7.288526826540074
1.8903362742048526
9.659195740732624
4.492669591593514
5.261127606025918
2.0609702540845958
5.478344100686092
4.864676117099059
5.652288943208589
-3.1675985809234017
6.992076859937656
8.359009005153824
0.8997992625634712
5.067499489487217
4.718196178498494
5.846258334036719
2.2681139879510552
5.832979195135887
2.4891216499165845
6.970524743767514
9.597144174072778
3.9726508409787145
-0.6011126508628513
5.963453476698259
5.821195701345469
5.782698235064792
9.377593381566573
8.724891377198453
1.6081152633666456
-0.05176893019728723
3.104437116209289
4.97881877588378
4.781783416131115
6.504655590364597
4.374689688224334
5.705049741646038
4.838496884611235
5.682383647310784
4.242428737209848
6.949870740615854
8.285737666454853
7.822431806855841
4.858684487150649
6.81782022261188
7.768012757565982
3.515449057349602
9.43815664596152
5.755573601793062
5.244958327272726
5.3174729560867275
1.0602859183725784
0.7281587523260908
3.1519993662891483
1.8842759313757576
10.621611906148004
4.822274650452425
6.963994914235375
8.539487275453844
6.198179551518836
3.2679092512557983
7.826764310735261
4.4016236701951525
1.2902923986844161
-0.2304817462232691
8.793377918496006
1.7409551619013612
3.7085546776898433
5.512406813980904
8.36725187420321
1.9376590477389946
7.022229752412818
9.668814005738895
5.295818640694108
7.302271571975352
1.0841318196420424
8.048431684375451
2.235828550852792
7.6172584679917215
7.89222070333582
5.730815738738277
7.619193901730464
3.1878588696980543
9.060099572140153
1.3050736578473674
9.653837539198125
6.006694279036386
5.699382163643192
1.359587289264267
9.660163390392391
0.1584369735638207
2.955852247506195
-1.050027973854065
6.8674317018925555
9.449364338715796
5.492060107810452
8.374388800250642
0.7182707390482692
7.6999637810581465
2.1708593121036377
5.480907277777983
1.8378443715967014
3.0222091193091902
0.7135939603274988
3.107202499441951
3.333557670014919
-1.1597707029493955
-0.395156204755879
1.5268919348957048
8.892753138621572
2.269519865302415
4.352273195044357
5.203471933089439
2.588669421126964
9.683010523669285
8.92977976930553
1.7028577603203638
4.655101050194124
11.173531394126158
2.167238434739929
3.6636373876525687
7.650637715320101
5.5555833942669866
2.8265304951686003
8.582092342758141
9.498895437907933
2.2563421552906386
8.337165246086139
5.598161129166061
-2.7275261041939096
0.1017013711716519
8.968332669646703
13.854469995501509
6.510565205413259
-0.11625220184380147
4.614416613305568
2.188115216856563
5.9963491084144716
1.2830585368566787
3.915909265495462
-1.7313276882691762
2.079092450803121
7.705558448938644
10.618585705059536
4.689874931013303
4.182352787990177
4.40902379401972
5.604824022408703
5.331853389146669
3.565051836401061
3.1473063916396073
11.1419394771648
3.0667448585659267
2.8094678537465296
4.39165726015135
4.0532834675144045
6.4543052171401065
7.348911233608772
7.959213647088294
9.686897824840727
7.218127376948567
4.547731059614311
6.471944537073958
0.3380835713365524
6.1350328293487575
-0.6323192921661267
4.277949174275748
13.179082563561359
-0.4829809457208194
4.558209237328189
8.760176044852964
11.530180146743751
4.588002833362835
1.7137484270479328
2.4348795995457593
7.254833821975929
3.747367889459553
6.376794695146012
3.9127116817569787
2.907572394384699
8.094245489643647
1.719734433226206
-1.8140836042381636
7.09271531383653
2.385644731007366
8.494308384482803
0.5019353095092001
7.43658285919318
6.925799780346417
5.323732845187947
1.9123798429295666
5.344212099882459
3.033009458978973
12.428303511068261
1.9366432589247773
5.490299908507765
4.100896084129822
5.358086266979676
2.1470168545281267
4.182849989128428
4.714707091200007
1.548622997420427
7.1640121448077645
4.351851190790061
7.111478554105545
-1.2090077231975496
4.836069783351185
12.192537133635561
4.448202115189724
5.197037598893514
7.071584610368863
2.9690713523087537
10.350501658470062
6.431871020450636
2.673612043622727
4.495814794335636
4.483684759697877
-0.13515869559475124
6.6693796144165125
10.992791495305363
9.732373022014603
-2.6850886415376722
5.464622329145224
-0.45894600089219484
2.403967671504671
1.9430866603638428
-3.6481468347459103
6.501086613903257
3.864190519530559
4.92714708157203
3.12910312132807
3.910311050486378
0.4808231857407357
8.220687487632203
5.1692161054261145
11.656330005383648
2.690682162491659
2.9678474301192934
2.406348330258803
6.928599982819549
4.060545574437079
5.077739542147805
6.186694827785994
6.268888193584175
0.7129547809621766
4.441896035733829
6.7765304577305585
0.26656302520801134
7.361802253501159
3.4492892183657737
6.102265929745215
5.18888050714619
1.8744707864469996
5.137812553075042
6.095238506906425
6.45667835853209
8.815464001597913
3.9689113901679605
-2.020164568507706
3.0398816463235088
3.6459409844566446
2.6439825776794157
10.252571682717242
7.731564187666546
4.403500736018382
5.223983643508028
8.07552561185605
6.31030387993664
5.377008325309988
5.684328656265854
5.883898714546503
2.8734125359887766
4.005747216089932
5.454399605031763
8.655452811211417
10.876545320284144
4.357294962143251
5.733289450433498
3.5179317171210656
5.976232640307922
8.046955415765282
10.654315047091817
-1.8639426536764514
7.94986763517783
5.129631106382928
6.630420070665154
3.33803600799809
5.389367701129615
6.368625041249414
9.013339471898304
8.914148031709106
0.5112671236069062
7.887583653556039
5.884399205263275
-0.26294916258747314
2.662471871341631
5.2055680821748975
6.539535481450109
2.5025307592024255
5.843304217394745
3.4928384207428014
9.717218799088364
3.85105238445782
11.01994227071065
9.86565995630778
7.120050463770125
3.2174177333301177
8.975367837671321
6.260453867633522
8.132142912637246
3.940822651449011
7.5268825323054305
4.372088784355085
5.142614552824053
6.95401626309358
6.718710268395309
4.287529556098822
1.4982391123696432
2.1956282371095224
5.055587753787443
4.308053200081045
2.7843948111940646
4.5331793745182445
6.346077013643037
4.5158740926980965
9.134148986705636
2.8304493791399588
-0.04972044920859009
2.2770720409187137
5.746095602529834
4.290568592271799
9.07757504180891
2.936568105550609
3.7201710746442522
-0.872570282959968
10.53987407402822
3.525220006847345
7.6114993613145385
6.4757748574947485
8.920445962153503
7.407858518525526
3.844618276881731
-0.15742996559494493
5.787102950614
6.013718620492753
3.913162041020975
-0.10387710269454509
6.345582789422652
3.5310910893625076
4.214289835945982
2.015802332934639
1.6787030101280278
1.2603426365458752
6.994344496784976
4.738430069037917
10.430684894933087
3.201739054040762
8.01471628952746
4.8167599999097215
3.732998723476767
4.415409883995844
9.359034056848516
3.1121107414086544
8.428265824301018
4.8835902224913
6.803248497843033
7.330681181718138
2.506533137298665
4.607753464938867
4.713966574017041
4.06214934146757
-2.6155143501058022
0.1678341004306061
9.9005710395951
1.7174113560480055
9.51947846989827
6.823410688423193
10.131406078518118
3.3825448330795362
2.9630218601992118
2.64320763968647
6.445547698580891
4.88522865187429
6.311386149467484
7.4237535492030435
3.1951790543872467
2.0407702703193897
5.057498850780398
8.386106219240455
2.707040864210304
2.1869500625382376
7.998368277565207
3.837362622953878
9.343429609513457
8.812385269152426
5.957226226196943
2.537843604286548
5.424076842511683
7.567234177710318
3.8737812733642567
3.8514048140266453
5.613749239336995
10.377533352755835
5.4250109546515
8.1128486666173
10.265902222131837
-4.302325028834172
3.401103392345433
11.332451049998019
4.7532614079000215
4.670355478150744
1.9053229059780197
6.881846152445306
7.717907756291381
-0.06707652773297035
8.527243794806154
7.583879094264747
9.219040761050156
0.48159314016587906
4.788318010577241
5.533655727800802
3.655817436284874
1.7978518885113046
3.029640232155084
2.5540748915666858
4.09486581084296
7.674964096155998
6.864527336512201
7.829102904453345
2.706719666558902
3.054694297275743
7.807171490796361
11.712091931558014
2.768917100658584
2.0241875690517714
9.177177615673632
7.01645879491501
8.375957814037633
