DISTRIBUCIÓN UNIFORME
DATOS GENERADOS:
0.06122320057985775
0.425243188158936
0.855396585194638
0.13178763566052776
0.09619489377255142
0.4639181397738381
0.01284630351299254
0.10226565585551417
0.3738889598707298
0.4765293475379162
0.9890207123748518
0.11762464764363034
0.2243592488404471
0.3308401226167865
0.4628795484709267
0.5531563066582421
0.9643365407277639
0.529117816935381
0.18483213251066843
0.9162317636316215
0.30951656749541934
0.4249222593708527
0.8834390919633188
0.330128906906069
0.638400522782887
0.492452771309569
0.8361559984641124
0.44406951678980067
0.681594296360539
0.04747680208528626
0.5959980353332232
0.4939260096548974
0.011687203305359328
0.9719238658329358
0.6660579720461806
0.5624275386663695
0.009279407289327968
0.4566005018770244
0.28107154589027217
0.4210281769699111
0.55138675394619
0.6664251566092633
0.3442020705282417
0.7243737148055132
0.10139680972990095
0.8073790491144873
0.15841483858524896
0.28326610692809295
0.9058688359110868
0.20839400044653655
0.8231413205385523
0.34164444123209015
0.5360930583929241
0.49572288631033956
0.3897120664682353
0.19976145036240778
0.6283602627122314
0.23816551500795302
0.7609629084135531
0.1765516194870954
0.9415200265349106
0.2477798439148342
0.2690639306665269
0.2333028481523053
0.18270209208351873
0.8395914268331462
0.37647522094407726
0.6998702960529156
0.1975302572784401
0.25882992065467936
0.6291242666942762
0.09132964225375428
0.0177933841948551
0.7550482713416272
0.09208373289289118
0.35814345918669344
0.4581431741397257
0.5533044492412854
0.21772503821130273
0.2344224950873014
0.581251292303276
0.969659934399488
0.49438342800462665
0.11548309494427611
0.3933539444512705
0.217730930150414
0.498420628045113
0.9652093226546172
0.1810437912064633
0.11983008180630828
0.4109713266087176
0.6211949794808697
0.29807094445795834
0.5941963983734675
0.8995787240791946
0.701007576546589
0.5788857361447008
0.04644565674050283
0.4020653232451191
0.44745190740300733
0.03495850227035047
0.970114469707535
0.746777687548355
0.9019270713424048
0.03023331616218028
0.168671046056165
0.8737379744569466
0.7302439265100773
0.025385146811878756
0.1203299768056737
0.034189123563976076
0.7675646413196857
0.6253625775430331
0.66353980735728
0.044599061383978955
0.3211801427275941
0.3198632836952562
0.1555356232123093
0.04918028567419974
0.34209808336431013
0.8373477459190141
0.9942698732173416
0.9478757286078424
0.6462479389955889
0.5902443949005922
0.9159035550299822
0.4627142021447147
0.25752092351789935
0.0674087667305111
0.6652955993454893
0.7467378350401153
0.19093848568879657
0.6231601545543014
0.43022104558718
0.5484566508952031
0.45755077936833344
0.26472353352155065
0.43127662115079346
0.8362823337946863
0.9335777845486186
0.5122096355943919
0.5330969017297521
0.2369446426739834
0.08581053985086107
0.9454837408208396
0.9803566964190498
0.5155300900942693
0.6129651504370848
0.782696931733249
0.65187971348911
0.23943964109964855
0.07903279460701773
0.5334960791829272
0.37343148742383836
0.928729148077318
0.12216041211824158
0.8312687296082988
0.1968880050160715
0.1801822837792627
0.34776671234986833
0.11587456147263497
0.4578125495746379
0.18435549976003474
0.510810508978983
0.0835415717725777
0.3537127989839042
0.9613654541132741
0.5751351211518168
0.12367660881195419
0.7511608850242387
0.8753023859356707
0.33386141071057474
0.8969539333654725
0.3264956077953147
0.7341777187867202
0.9663279337632311
0.5487672545406138
0.9053965148822498
0.02274346272066463
0.8023264386943147
0.16861512498780207
0.7365324961442896
0.3602522781132169
0.27940152742077384
0.0580063003193203
0.31260166872412365
0.34970989705880773
0.8351498544153444
0.7722288268063758
0.06540963016542789
0.007153487986434226
0.21253527295239605
0.31454904284779084
0.5168552607808766
0.7638127647692778
0.7380517656030616
0.8998219159895449
0.8140925386252669
0.04551574845960804
0.9263875055226457
0.9120575636781137
0.32884092276027765
0.6096255161371701
0.2637420777508034
0.28558686387656684
0.08115500918205731
0.34798423530091693
0.6653248363773272
0.7600357466626732
0.05310131667502882
0.5354215422248247
0.28545845131904624
0.6260118067722191
0.3125511716245709
0.9283677191800618
0.3919772094233054
0.3406534572233726
0.7469967750421718
0.9985405521648697
0.7373527942813476
0.23363335458002787
0.8083155850525039
0.9155852771944678
0.9715483760849479
0.6727284564786327
0.42401219926456857
0.9294247492606564
0.8596372339994396
0.6419829034169835
0.869283163351246
0.8103624933659486
0.734994576958396
0.09883795439730114
0.316925331396538
0.3474319311886641
0.6679505477643178
0.46712507218052735
0.8082051472306352
0.47772810161448875
0.5312057516238975
0.9045692042870225
0.8918340563504422
0.18977878852578078
0.08720339509642394
0.647742724526626
0.670398887854342
0.9365646899854764
0.6673303339883008
0.9919192828612962
0.12318817977405316
0.7147668099909419
0.6994252594538191
0.9793023184863797
0.6898784329944223
0.3913344966629929
0.7864529157654897
0.9933038165044401
0.9529619166808317
0.8388444358103073
0.30851536698208337
0.930191512297471
0.4139151643855665
0.2980990640560812
0.4532539901978426
0.24631125599077663
0.28380145704700477
0.18703507362739547
0.2933570626694537
0.020746309933503237
0.7618640071267988
0.14392907237454478
0.9819915965591071
0.24594004139913828
0.884292709761992
0.35121604746591284
0.6772000076275891
0.35008075730173815
0.4715196310150108
0.16730728387342242
0.3245656373462178
0.18418795890009843
0.035723646075702664
0.9710852107708356
0.8897213125341307
0.900314792281455
0.3749417235088086
0.5928867222420099
0.3587506408800447
0.2970040146587686
0.059686039050799944
0.5499483716508224
0.7322772082666467
0.009140619147661178
0.1662750787273597
0.3119893807583839
0.04227357029377743
0.11529653734087586
0.905617826786915
0.5290033000698148
0.18790676719488508
0.7032547425058387
0.7729105972053955
0.0272818362020103
0.4824211069975467
0.4281913935490429
0.4688462297827203
0.9886349010828852
0.9603313753818847
0.3655109173355342
0.08191203309326767
0.2545757361827694
0.2919060217072331
0.4969297682798348
0.5729007240497266
0.06678096086354013
0.6985503605522368
0.7447106050082787
0.2696096489525478
0.7011991632276304
0.5301003678862232
0.6023455120799536
0.7739053199912898
0.41110628101409163
0.5238265396616318
0.31676402978252205
0.9841068175308619
0.22179090324200412
0.6145533758930624
0.6152529870197918
0.057396777331415016
0.6183965587353037
0.689704119731804
0.8405265256560885
0.7904339387439644
0.1362308611083375
0.6889649543517754
0.3347744384731548
0.8906079021742356
0.01322989827856591
0.1432945905152999
0.4384870079511356
0.020103222105376517
0.7613618333118332
0.7493774723697151
0.8600900001153436
0.5665943123612055
0.5564681763263659
0.7658454756637741
0.1554308167602645
0.6524870092708666
0.2032103288040401
0.3417651802899132
0.43104059056550204
0.66007811362135
0.7083526056090443
0.6988545252748031
0.09062040606233912
0.14743934841828288
0.023375056020965235
0.5290068045526264
0.20185759677967974
0.1647406287928017
0.8978254443772085
0.3704680542633749
0.006826118626420574
0.8440891633523485
0.3831706424712483
0.39120074635629354
0.13153789777234925
0.23670886133931535
0.8432276229817481
0.8373475323339603
0.11903552437502452
0.38013969841725415
0.5814210647055743
0.7752437650336166
0.8710030669665815
0.7811971835111774
0.04424711450395924
0.018888627685271775
0.352482339686768
0.8133176047689664
0.39944329579428617
0.2563224124759781
0.08026737647183124
0.9115252771390693
0.8710670823224388
0.20870832664692707
0.21948812598624645
0.29976674850120677
0.478866704654736
0.8711947132428282
0.5440416734054061
0.08180373000746466
0.6149260037938776
0.794178605136372
0.5040544276716967
0.5285897092085832
0.35741006308635725
0.79496293257674
0.8344771970646851
0.07116163526100261
0.44860821560832276
0.9510249947786723
0.5221973414858886
0.047645962865075275
0.8830445841439063
0.1491476585479704
0.28689947205163113
0.43563262386415214
0.3450605957158124
0.9202483863798929
0.7849457304249698
0.15399874834038552
0.9105547217959818
0.05232357258930742
0.5255971746940932
0.4409313160651013
0.3476355020187648
0.19735482011964456
0.04432496234906158
0.8143229074230142
0.6972844727316125
0.9370986402731765
0.18726889546933623
0.6725014346989743
0.5226137296885924
0.10735801634456266
0.14506168545367448
0.4431081091725525
0.876719770635183
0.6886211310589526
0.8626012119503694
0.7760727451702606
0.5064858928827765
0.0025693834361040224
0.4474651146236127
0.4142568104972353
0.24127440431676195
0.45554970538343165
0.49309042978194084
0.020032376030137744
0.7045370738055786
0.01159812389278303
0.5138421563394948
0.5063723784706581
0.12745488201599642
0.1616041964143461
0.2974167295525283
0.40568021246686736
0.7408571066369888
0.08793680064805387
0.3951412329826205
0.015584358772996576
0.819315852593643
0.6572633464720363
0.9082565715794519
0.5683423133506974
0.08940865553556032
0.8658119007724729
0.9263551169887245
0.06582815225236416
0.7797898417663083
0.056696573918077364
0.024521143386067812
0.00960401207179773
0.3715109835093259
0.7892495708114755
0.6986122359748331
0.9536958761992819
0.9867639606347512
0.02914036868443437
0.7282272178746202
0.6222921665075212
0.3148997894017721
0.11803167376478163
0.15432165366957806
0.5576755256115205
0.6126430537112789
0.5887967375884066
0.5750687650677869
0.7170960537264466
0.7179320839074708
0.313728227536623
0.09932190736360202
0.8417063298667722
0.878918402692967
0.7595420948366183
0.6670444250729574
0.09607348848786679
0.09762797857356609
0.24207113390716384
0.2586728871598569
0.005010021949109267
0.2216476416539115
0.9272358994052794
0.08715943933210535
0.6032721867787558
0.06348355671029116
0.17113001607232348
0.479855439800535
0.9007617289115278
0.02454574791060271
0.6404686431435913
0.777531501708868
0.0671199579247278
0.20843607055921598
0.6774487432327574
0.46262869145443997
0.17923480862308971
0.05108465587254274
0.8237865352739018
0.394878566373807
0.9070246948769968
0.4588129452461721
0.6784397920970588
0.7591714306381427
0.9033272762683541
0.9130870041859729
0.6555888490961875
0.886993929721729
0.10245512451394401
0.38496887059280105
0.5938072124183187
0.7730432228190522
0.34827624550893344
0.8509881913190156
0.7787661111227678
0.3727450394542483
0.6449776109663935
0.09325463340800844
0.5526800882051228
0.03674562134963544
0.08106980007318743
0.35453378679815606
0.14417616837482794
0.3386765044121828
0.13980850376884413
0.741378600421581
0.811993608001617
0.8175322893087508
0.10037805635287766
0.9928137334847265
0.8611079315729419
0.5617308856666038
0.13231448386396516
0.9262873672105446
0.8016408924946202
0.1190404163680353
0.7531410056968024
0.6974592430920089
0.2692946945025363
0.9133402416774815
0.2949660829868984
0.09748108645737574
0.7812414319428606
0.8326588985429071
0.4851609272482167
0.5724890365595569
0.5729620851657669
0.8681174732339318
0.5349107866652596
0.0180272498896199
0.3871957849579618
0.482631912570061
0.48504204133928364
0.7922114963118017
0.27611142679251877
0.3337296674710284
0.6260115743808329
0.4365278101311385
0.804428477543528
0.3382388435743455
0.09244118647030908
0.155850971811601
0.9710294487389954
0.7454472047488909
0.7053712010199457
0.45627510932297777
0.11322453252212461
0.5419256698227182
0.3955574746945396
0.08010344770787947
0.8655842505366287
0.27529566355276713
0.05265128080068804
0.18074358049859096
0.46556669171434273
0.5782239031101888
0.5310033967154824
0.05842117065867081
0.04137736515366719
0.6845362781962833
0.5388517970639182
0.28213162526674573
0.6612298945532458
0.053971268892524016
0.5915709714497541
0.9079641879075787
0.6603839521469224
0.6987739455483414
0.0750488180371588
0.5889119814764726
0.5032262399980183
0.11285023479707568
0.6760807862037674
0.21701126370094082
0.8641413263922324
0.4032800680395019
0.48055950404669345
0.28678640703079483
0.5024475935814875
0.9067511715390039
0.3660322756670711
0.8028745264807675
0.6323422759068792
0.8353054283197603
0.5205253249232462
0.47668701832272065
0.31072750303073815
0.7839242155380823
0.5647629667958192
0.15288335997544078
0.11600940968073692
0.8330695938754131
0.18817433318425814
0.6501323189868522
0.06656881670530701
0.9038287064362733
0.21656889742535035
0.6912733125221324
0.8572153053333593
0.003901372603453246
0.3096669477424491
0.04468069503046712
0.13901289878958878
0.047979823589768045
0.3412275453705471
0.07235546329950826
0.026754533523404067
0.7138866816634072
0.15119049988447242
0.9173953536289352
0.6825615306107974
0.6474121205235118
0.05129095494667102
0.49731991306504053
0.840756458657716
0.5264388346990286
0.6130848005937064
0.283938501188725
0.04493951423864573
0.2974662407658655
0.5729683433701115
0.0735120132176309
0.8094141007159451
0.2763293151847426
0.09500339783102629
0.1672559206526817
0.8180770182439836
0.07596531438652221
0.6765330744937592
0.0471050137910658
0.13690475524334944
0.7210921009312137
0.8594460462665446
0.01810134943179864
0.8439979606756093
0.5554421619366564
0.025052277231170317
0.28477668712307325
0.30519947312029194
0.5087293578274092
0.8262906086798848
0.9753572385660426
0.6159576237339961
0.41874025612370136
0.7135710021491091
0.0921002982741268
0.5859160107208828
0.11352577501808425
0.37545450262807545
0.4857918157245922
0.02554157685488967
0.5703872407930481
0.9670227934344994
0.38298927061199106
0.15901195026159232
0.32398284039696446
0.27717217583174825
0.17186779374489025
0.9269019594346947
0.5707074859386498
0.08541288459208118
0.8158351493636536
0.849640939300286
0.49442146526577
0.5584509447730289
0.6975257146632613
0.7410719909724518
0.15212528703196992
0.8769579473214416
0.6626621958081873
0.24363953662756244
0.02933194730868005
0.5101712807283632
0.7689921855252925
0.9701733402142597
0.47048416397096504
0.9568043787040679
0.42868942982246894
0.220990845582396
0.17778013277299953
0.5696536901559979
0.29698324594347403
0.9676582585757899
0.28515348809806595
0.32415040185716804
0.941383261212592
0.05480337842878069
0.06466600855766891
0.3900234417734999
0.8604785090648446
0.18277129910077738
0.5431342856871862
0.5175395237713889
0.8247672959837322
0.34807637612879083
0.04919306846036142
0.6844940882129559
0.2500408397409142
0.7500364964989509
0.1334371210245885
0.12538893339783574
0.1303669008746169
0.23791099628404544
0.4769084015501106
0.7436215296825093
0.8064011320810963
0.8215502699128252
0.8295147737816964
0.1842326624557551
0.45100625614041234
0.6235825057206738
0.05569136854848322
0.892294007207361
0.691627923050663
0.89153723414094
0.31581678650383727
0.698672303780663
0.5194628753701943
0.8232773879241305
0.5302845990863737
0.32804693638101223
0.9241104041035075
0.597393206663327
0.9044214017403273
0.7572444832186741
0.2291500583413607
0.22970703557221595
0.3319728741453265
0.29019169207604323
0.548349458446393
0.4061825700837266
0.301185208113528
0.9763966523176532
0.42266142646366367
0.8266529982431299
0.868720741513698
0.26854735595990076
0.24895347228856557
0.9102738628498936
0.5627254726876003
0.3893577400420787
0.5020537043313859
0.026583921322770876
0.0461530585426585
0.15321130318585108
0.8969570687363067
0.5000937299117326
0.4406084372670648
0.37318930873238587
0.9777600387997685
0.4372622107309778
0.9228840031072917
0.3406098690774053
0.6151694234221065
0.7299017712681435
0.923024775478682
0.25268155861670827
0.46170438563450866
0.8778446495829035
0.6308028393319357
0.9547759570378872
0.4477886371940717
0.4855527636718987
0.6245093073195631
0.3424387328580182
0.7531702261225921
0.21979614766460231
0.13811334761143068
0.4935757502372736
0.7095676642322785
0.6342719877566576
0.6591181353845208
0.3185101292010313
0.3427961682188353
0.6025368594969391
0.8996506397519001
0.5146898521919727
0.16443691606940625
0.1506533374759076
0.6309166371683286
0.11384694940420526
0.002725500628827704
0.622317835125023
0.9118761823175758
0.6175474093846562
0.3628655519739571
0.47127581857032386
0.5402967940375742
0.2519828619488125
0.5288956963318056
0.1278757488780945
0.047937698405459805
0.8170749918835546
0.046922928076637116
0.9434211625714513
0.10326910480273244
0.7958164743451551
0.8874414032086207
0.12581841466356392
0.09146520832482485
0.8572906842019937
0.7643452665741068
0.7129279571295616
0.5146120840825181
0.12285115240434064
0.20000374604375137
0.5822874763687792
0.9258878952458043
0.07339482239321571
0.5499369027612705
0.2274313348304996
0.553101301847294
0.4526419938824894
0.5641628306240554
0.16198026114330544
0.16441542342849969
0.09729701523595835
0.2493525792741571
0.8081879362512023
0.5172626488292953
0.3524642057865528
0.6956631616922342
0.19359028234130016
0.6865991230276564
0.6941622146223089
0.27327950848621574
0.40152473846441294
0.6607947860513402
0.4456963532810465
0.7414123998886482
0.38790301041535624
0.2521153633632901
0.7073444722494199
0.12455066875191267
0.09220822274876506
0.8980039409399487
0.13221335799670486
0.4037468093778066
0.5713279935279899
0.7038624843953907
0.45737778180710864
0.440168372519119
0.1274358497835234
0.7761814382569725
0.8290717722205939
0.9893339331851505
0.04620662516338514
0.018020025642246806
0.8830972535339979
0.904428548116052
0.22639922202294094
0.11037713223066803
0.9887310925024739
0.26494737473724816
0.0462367804955196
0.4179343237902725
0.3113551652620693
0.9521792716076665
0.9969073164836565
0.2272910868554544
0.7587738878387513
0.3991935051540082
0.6157625464000948
0.2581036673014957
0.9657782049258873
0.48966035386320605
0.08675516357428792
0.7253298897922213
0.5687896671093285
0.08333942865378097
0.9726724242650502
0.8524753906965042
0.36844628447815786
0.6295888497014818
0.31968815791717164
0.18780613217352804
0.9207187763233268
0.9581345629148392
0.5093182579206431
0.21154116234306775
0.7469504433547748
0.15282292352369986
0.8157945349190925
0.8809302211638659
0.9803779790588999
0.9175067769534775
0.5962753234068076
0.09404722375974084
0.40472860189352877
0.09562721540501551
0.021366561158281505
0.18059258276984935
0.5441463923666155
0.7551360984264613
0.6244413523538846
0.22865596116134868
0.3301315927200449
0.1046663236266927
0.04619351123992299
0.08592573288123229
0.3758201481754919
0.957237963932106
0.9284467440936602
0.15919836532689602
0.6796733047769147
0.5237261556116937
0.6490707408962172
0.8957572271400874
0.9435399732883629
0.15738295420683845
0.3273371236715863
0.5173881831212
0.7299570690967985
0.2509402757646143
0.08224331724828848
0.3825115357314606
0.701332154514252
0.9952689300945554
0.4264090840057243
0.010012443092682788
0.3238450284707177
0.1700074256483961
0.49990989686209886
0.7745807665847235
0.18372320575143075
0.029706028712298216
0.3075804463974048
0.29380103453496054
0.4491992608363372
0.22827277372315657
0.31018119571591696
0.4425890440006818
0.6112198205206121
0.2798370065275867
0.24421060302617104
0.00095788727401247
0.020931947762650283
0.03230631868777867
0.6013634323509813
0.12460330281302912
0.756163082384083
0.08618263607102128
0.6490060069030756
0.09901424248528701
0.333520012313112
0.24436520216868507
0.5517045974414776
0.9164809880072564
0.7164050577334196
0.08765793675664213
0.6893132723542993
0.1761616541482809
0.3247822360778363
0.45162567887216976
0.6774145731055724
0.0013812340833435632
0.1581438071096184
0.43007655649777443
0.19823407327274434
0.888150175869821
0.5754366339486826
0.039232925560761744
0.22265673294846056
0.3577338750382413
0.22388795924621163
0.7892714335891481
0.8379106174146664


DISTRIBUCIÓN NORMAL
DATOS GENERADOS:
0.06896475595820456
-0.3112314363236615
0.19426510024397978
0.48658408451958096
-1.5444783814979934
0.3388362851703721
-0.35517695817246075
-0.5021576529199434
-1.5744054824212361
-0.6765571384137903
0.21460535879128273
-0.14912182066770324
1.3501707836307453
0.17783370838484105
0.5490235680433552
1.9307259648379667
0.34311835591138135
-1.4849345214016023
0.6974184336411555
-1.355583155636421
-0.45386193949224346
0.6734509032417946
-0.17536849811997055
0.19793594612325743
-0.8045646922761678
0.36710602861214275
-1.5035457043889298
1.067812460671822
1.0543295148823673
-1.2737239726195528
-0.49664015774330017
-0.3957075921208094
2.312227134847283
-0.5355059461285107
-0.6356003796060664
-0.5523500225632956
-1.0340776849809015
-0.8822375777904351
-0.7756449011973616
0.6164665496725874
-0.8148566246182964
-0.8086883189341427
0.010304117341555513
-0.14289396103775504
0.33029324293255874
1.7200869378915873
1.3553215922083328
-0.6002796268246609
0.4688930160603615
2.455616677528273
-0.8986706529606425
-0.03438199286751624
0.8306837617885252
-0.5088517957768285
-0.9954343143579334
1.094545639321435
-0.09735704787665701
0.9965650686779689
-1.126039926993012
-1.0304085991732583
-0.9910140358830235
1.5005653990598398
-0.20868367094264423
0.28541490985190343
-0.9227186894290942
1.4316638281833802
0.26965962351611994
-0.7159751154454299
0.0572282068592827
-1.5375043811409534
0.5792208223770071
-0.887877630573943
0.5477381138208408
-0.09594737951173352
0.6578496049190006
0.798726724085738
1.7518025325639524
-0.30495938484099955
-2.2448104890655127
-1.030731926761272
-1.6828059502838693
0.244203923000744
-1.0507540294841042
0.33409839510507544
-1.0733761136517435
-0.2582118762883166
0.054508791567616094
-1.150063644373128
-1.0497436285287345
-0.6621751563005449
-1.224663289630943
-1.8723916015974325
-0.21815361926055157
0.20739119528406494
-0.17160864414486274
0.25877945212858794
-0.45800337863035145
-0.5905695934680145
0.9160396728734601
-1.040868293628228
0.030977130111621204
-1.0702201894148422
-1.6415296370588788
0.3207302477312853
-1.3573190449175965
1.4041939710378808
0.9509325007655939
-0.621721220800131
-1.2470689326038373
-0.6219207209126905
0.1534530515411144
-0.4831953692183976
0.12999877430647633
0.7808162680839552
-0.269228749397474
-0.6340139573793729
-0.26312116319946127
-0.5937837273179858
-0.23344822976204707
0.18458013171525817
0.012887566156521256
-0.341817170043971
-0.7208302126065101
0.24630164873664132
-1.708438496318131
-1.7775560019006253
1.7269888045087123
1.035469387353295
0.5295408026328029
1.27574687573842
0.15920199133849589
-1.6596929231888642
-0.1711792663819961
0.6489692080572353
-0.06101044815828897
-0.9836852062132391
-0.6750667273072635
0.6923479832980802
0.04810258897518995
0.18774651935748157
-0.16924118144685849
0.9669911748969237
0.7200235325365552
-0.3756701300356375
-2.0667856191774714
0.3096647811397801
-0.69747321287321
0.012302672042383498
-0.6717562630477653
0.7588698383144873
-0.5911045865869278
-0.34024481171491255
-0.6509115098557462
-1.026700006716306
-0.23243164920670248
2.354612230196648
1.8192947205161243
-0.6847783420860415
-0.6690439922457063
0.24342095803138675
0.13410273505380574
0.09033129557609125
1.3673673927780226
-1.7961906472816764
0.3519011392019938
-1.99434927335961
0.042114986373765616
0.2387507731992215
1.541430817187082
0.6900926760883164
-0.6813943584583522
-0.3720985379773242
-2.204250274195356
-1.0886522339331504
0.8221076094773525
-0.9040354367659051
-0.7722079707624983
0.029740584064130743
2.206074211135983
0.18028113248757474
1.196863503307105
2.6690158128352
-0.5199978447645833
0.5421820421256496
0.4564530427289477
1.4004672555353928
0.18054048937213307
-0.4361544862195454
-2.5678049690107656
-0.7817853789732214
-0.3549468002826238
0.8838154079753627
-1.0224106059619469
0.9388139581082122
-0.4052885864519443
-1.0282817285293882
0.7513171963194185
-0.3522246751347465
1.1258317016323516
-1.7041395225386065
-0.16975302483949667
-0.8987235805208103
0.18607009412402908
0.7866153609556533
0.4745251238702958
0.7863913579086631
-0.2613924272054964
-0.8457058692299396
0.3087347722764214
-0.6288231604152085
-0.19121361069824572
0.2618041361808076
-0.33859848709275
-0.6576194319491391
-0.6566497366505267
0.2348753200008168
0.6615391718669446
-1.3534536711453815
0.36015375559803386
-1.0376887600578844
0.1755875423116054
0.17037582026883757
0.7522070528820907
0.7684896556319152
0.6736506553656028
-0.11576073720033665
-1.178117707404667
1.0137125366808148
-0.2712792607424731
0.8697288636822126
-0.3557383378074701
1.3885004316481493
0.05904418133503228
0.11431495714368708
-0.9279004736577919
-0.29822131619278636
-0.548612110768281
0.03212949638262263
-0.04981746872707863
0.0101575907086921
1.0396249171585366
-0.8132544397578195
-0.07335453226902096
0.6440755312259993
1.1995869587214703
-0.34773222665011355
-0.7985523626739448
-0.14211269288730255
1.4351105206676447
0.9550012906495886
0.6063050533097624
0.9554120681041746
0.0372920259606068
0.4363672542112177
-0.05642652163519954
1.4714511615412018
-0.4722337145871102
0.6809551031809179
-1.4754023214992076
1.8537706475993396
-0.41611110132689516
1.5071773881740638
0.9599180853685337
1.0461687646047912
0.05835191875911976
-0.14686926269962858
0.6258756752887886
-0.12171053644036878
1.47159922878539
0.006854386854119299
-0.8582763931850567
-0.42892594982729493
0.5307441409671342
0.30429855090359487
-0.11393160121039068
0.618760977276552
1.151685580303954
-0.36382399269927757
-0.2213668365300898
-0.1719064261515474
2.2657044859437683
0.6749757208880333
-1.082246166566982
0.28910509088635783
0.3208903261505965
-0.027240402145839976
-0.243000714248696
0.9526504548959468
1.33456266566106
1.8086120827745364
-1.0695346045533376
-1.1578657949722972
-0.22085961437937496
0.5061046060882396
-3.3600893960853715
0.4138555686137103
-0.7002190191661029
-0.820155611753926
1.362583498038144
-0.8487618051613255
-0.8946757040381182
0.4720559922829845
0.3399557357547806
-0.2516472581120721
0.12166927602430251
0.707719542272163
-0.03236289086363637
-1.280165167477797
-0.22640330852920404
-0.5263112143396265
-0.25799033543223654
-0.3926815198265365
0.460510133766064
0.748336442430072
-0.2307532022163152
-0.6798601744883076
-0.8011654171501684
0.1637854445539912
-0.3133006174976157
1.495432542639861
-0.3983808725788826
0.18097870950547565
-0.3294564165122075
0.2959147300126927
-0.1837385625406379
-0.27150558539987685
-0.9765575952437968
-1.234794005392289
0.3887393971413038
0.3591229236260999
-0.39051587801333615
-1.5268884914485947
-0.8176137943319128
-0.6459185277868249
-0.702400836665667
0.2931204373489717
-0.5245529371631003
-0.718904844289101
-0.7040774906485372
-0.3189901335925398
-0.9668798225533987
-0.6825567496621895
0.15551259928455105
-0.8358856981961469
0.9036444844574231
0.698249037108121
-0.8907820117402987
-1.2970858080981285
-0.6181551422682527
1.9007679094144592
1.9215799063954335
-0.572967585884325
-0.14905087932242614
1.172409403739138
1.013218532720259
-0.3490981966681232
0.4510949495043036
0.7144487696177826
0.08772931097469908
0.7967338256445711
0.9502694125707097
0.24978071387141967
-0.7200679707332537
-0.22638234939673985
0.10790590745440547
0.20383275017926897
0.05576734760929449
-0.31548096461630565
-0.7438480902083721
1.6248392970304586
-0.2514067865463688
1.9946506659028815
-0.9881741032595799
1.5198393901431353
0.57782188425372
-0.6527840290603267
-1.2374708412905884
-1.2460147025176116
-0.8829445915897051
-0.8758098502057452
0.9862143316080468
-0.8912807550935499
1.903618798422255
0.24877535397803033
-0.19480553270823875
-0.21116362108247255
0.6350935313539995
-0.803766350119321
0.27699698846928683
-1.6180806427706806
-0.34747571164599117
-1.3909308284287807
1.267963726268716
0.31829402244170313
0.37923974795574555
-0.001341193614025399
-1.4864615617038262
-2.318340973480358
0.024438332565411565
0.9358843304740385
0.6865482941636507
-0.8398171446873446
-0.3495510790596192
0.40616244043754834
1.7977168828693852
0.8761833763269098
-0.9150775805063832
0.5779638034256499
-0.9471752216456049
-1.1076324281959207
0.732733310807118
-0.6811475256619278
-0.4461760227345144
2.827772644651642
0.4288207178933764
-0.26137063008494177
-0.6932839233564261
-0.5447420436627494
-0.5670566754645053
0.34874820498172543
-1.444197799024529
0.009924550623332194
-0.05632975462576976
-0.22592868961885446
-1.422659090293076
-0.7493151522296404
-0.09785533774851951
1.3499354168643123
1.689180186319766
0.004154946312067976
0.1935512457746371
0.35379463695240015
0.8122214358858855
-0.1118466330004582
-1.0113186502344724
-0.679353004273693
1.0914865951507067
-0.03706487253144538
1.9460908636189491
-0.15331206173377634
0.2155943554871853
2.075830761440814
-0.6145716079499506
1.700331455845391
1.3306917600871395
-0.7168582965703674
-0.2442742378681199
-0.5861694189706734
-0.6901058046039251
1.6930482877239414
-0.8303037000036007
1.5699527914232847
0.4929202740608243
-1.8465303989966706
-0.4066673055314751
0.232424291222871
0.3177718648316336
1.6636376048573118
-0.5406146744654703
-0.2802605867292113
-0.48528043413488625
-1.3381862103375737
-0.27601176940118116
-0.5570885139677046
1.0082174671675583
0.1882802384863962
0.8326844239945809
1.7154371108428048
-0.651921110399711
-1.6415708552791335
0.28606863374612657
-0.8505387715676981
-0.06846796279641221
-1.149621844676811
1.079903017143552
-1.0660359054861406
-0.1809934931953851
0.3308472188175878
-1.3735052226972182
0.4575662081917186
1.2128784499431218
-0.49402186947697546
-1.1588930500734214
-1.3113468800447874
-2.8575752948448367
-2.3209451398648215
0.45590355938559396
1.7800879832797183
-1.0196810470745419
-3.0207372441065883
-0.27033509695298663
1.3803359080344844
-0.299535641053426
0.15327164410264443
-0.8766963510864152
2.077271932048858
0.03230574693617417
0.3247019759380203
-0.026687445435841648
0.01042351414655777
0.45285185392660837
1.0443076042598674
1.2422325590873586
-0.14152483039364877
-0.36015589227640804
2.0105530526031674
-1.1258468184509043
0.0946461352864635
-0.49818177746294223
1.100145885307529
-0.25836176009170964
0.16493629336401774
-0.8579080718191662
-1.1616333283671785
0.4951086446520656
-1.333132401415906
-0.75837799729481
-0.6097484945902825
0.4158004302878833
0.007857815757899154
0.0845800892907894
2.2256768794158357
0.06031242725786298
0.0020972617448364334
2.4979517398315316
1.4872764357828878
-0.967300417450723
0.24425120548013796
-0.5017717730708163
-0.15555456617240304
0.33975629676737124
0.053522621937681224
0.49948734672570944
-0.522934998803032
-0.4583267690348963
0.3483230571812218
1.0596831191181282
-1.3955287218734567
1.1713662697813074
0.16220925172422895
-0.7273887712337662
-1.1731587182279224
0.9005149962308554
1.536908034535935
0.061924057497553836
1.385750040205963
0.46812475959595334
1.9496373500908009
-0.42541859076253996
1.5870961325663215
0.6661827109820194
0.2795174475576259
0.43616361534209136
-0.22646305547564016
-1.237873151932585
-0.5037851367139032
-0.694981619005164
-0.6538954905957186
0.7610910108769083
-1.2145043904588617
0.4195209573221589
0.739460721492679
0.5837951905413913
0.10868975707289658
0.6632265213130312
-1.401795200981353
-0.9491258611041578
-0.9310022711790674
-1.9514674560075074
1.7142154955021645
0.1494805747595474
1.1718650414740241
0.4670774423120815
0.31486878031215676
-0.5760142413914229
-0.6470887533601924
-0.459961355239502
0.2669043142764191
-1.2051748426676367
-1.9877286187552605
-0.18938221461672702
2.1249167133314026
-1.049023389836436
-0.5611358677328809
0.5679831294783826
-1.066758650174144
2.246402688819272
-0.599327808055122
-1.1480402116925943
-1.5863991482190973
-0.10871508179092099
-1.316570956687171
0.49861242282417534
1.5869073550888197
1.5645927347922084
1.438305558306926
-0.06079688629492863
1.1602589886676447
1.1688127677403044
-1.5152811037915879
1.457356933282605
-0.14519081456747268
0.145733263101399
-0.3431154764705144
-0.4853562358397137
-0.42989344072998587
-0.9062459889650751
0.7363334499587619
-1.4552590696359533
0.43437447004663227
-0.397020391061379
-0.21711887954027353
-0.09581773694311142
-0.9694118942228056
-0.048899397144129705
-0.847939939721423
0.6316811589254073
0.20453603176427282
1.3857024273739016
-0.12123819270129317
-1.2854045410314083
1.4875628852103386
-0.968174556565402
-0.21205327655171477
0.0068247606393680915
0.1321356061886223
1.0911495369994897
-0.427826826852591
1.2590784958114947
-1.2977883155725933
0.7559610175573434
0.6721847872152937
0.6563410808804322
0.7245179120646176
-0.003571738422930727
0.5351129609181879
-0.07332157913787554
-1.0575502587778904
-0.3796569741429564
0.7398527096059987
-0.7826870672535606
0.029547536493654842
-1.6120125245652086
1.8184480360467778
-0.02650367006724162
1.2175445430722067
-0.7431588358656882
0.7055007541036391
-1.6545335914247663
0.5027504966458018
-1.8600209093613194
-0.7774828878881652
2.2533038232297398
1.5831248118259027
1.4371483136376937
-0.5651806814844016
-0.4007316807979201
-0.8105903630946104
1.658101353942704
-0.5868847511243772
-0.5833296284314565
0.32901594913288074
0.4769229868684026
-0.24730153591915616
-0.5608780408478615
-0.3556074220849049
0.4681557097362059
-0.518986129522236
-1.1976758419031457
1.4791292689825921
-0.33737125346298735
-2.0060923468498406
-1.3150253208760851
0.14717211553840634
-2.263894840087696
0.1858405288927994
1.0173459982840034
0.15618802738174875
-1.5238081438008149
0.5072343181165614
-0.2720368129949613
-0.5047935191252151
-0.5420141918128482
0.9310489809112713
0.01530146608546452
0.05726243530453488
1.0733110965445936
-0.05610389444138929
-1.1864887269633813
-0.26244324487728304
0.6044170073188067
0.41202193044567126
-0.21474829548541566
1.113550526219976
-1.4606302905953872
-0.6758399715727266
-0.3727183185693373
1.159558287031801
-0.11303768485055192
0.8689033562769835
1.0421613727753098
0.341218334128474
0.8389050410352065
-0.36552951582199045
-2.674948034099727
-0.6398643661530172
-0.6511571016995786
0.5793915750604587
-0.11079087640709123
0.4161028253256531
-1.0051121475291858
0.19580399468736623
-0.059065945291159924
0.5321136570074751
1.387722764870427
-0.39275071850713567
-0.17927579658425374
-1.0787212136724194
0.3226309874578777
-0.430660441473223
-1.2209975803267703
-0.5797028235218569
2.2530831560417264
-1.05911055604434
-0.09806494291284666
0.0970893402905422
1.7386276869105532
-0.11833610450704543
-1.1043148267441114
-2.185246620928561
-1.9816252608229485
-0.14746892991012894
0.8080823056971997
0.8791498972470844
-0.6438521887147282
-0.5023383652036867
0.3517564355445343
1.293300706899337
-1.4943922835177754
0.951793305318687
-0.34418595971084254
2.1878085955604445
-0.5499373433174077
0.31175119691363146
0.533995692581147
0.3893166019268956
-0.6754580520805012
-2.483497054320796
-0.36160268791100336
-0.7320365816778781
0.06625721065659135
0.3661953424289872
-0.30756270366575733
0.17922138430862733
2.4014926638431056
-1.2704822243177514
-0.5972313688378551
0.02870341054203774
0.24447516607065614
-0.9672983440878596
-1.257053401643609
1.3169926106842145
-0.8898528164344633
1.673664941672461
-2.7098069771641815
0.9820163282928984
2.108205513243841
-0.7192125434341429
-0.0420687249544685
2.64280557822788
0.09815780294506041
-0.5184167473891148
-0.8884084482883391
2.730121359589442
-0.06312985916284419
1.6842325515757524
-0.8765962864955286
-0.04982979913286153
-0.34058930962323863
0.8180749766625919
0.4887674108107834
0.40117979078853494
-0.822765659882466
-0.8133818102739607
0.8738061432787047
-2.1665806222486856
-0.2622278213226323
-0.7211447282285439
-0.7679993234254259
-1.4891211025177633
-0.7692558061642513
0.1947889028625142
2.523440522161911
0.5915315994856816
-2.2428747598684606
-0.08506392567284171
1.996508069039589
-0.10325337666656305
-1.292336937060394
-0.6230846701411707
0.45986429753964475
-1.26742961493578
-1.943924053417915
0.8533464055224008
0.15763203798217884
0.3687411595428285
1.4997798600710914
1.3115352921543355
0.2736303519370432
-0.29758362471378447
-1.075398801342993
-1.0713217719294852
-1.6839714426276842
-2.1829569209372575
-0.579399353763138
0.06603709666874648
0.5807965597581201
0.2169009149714907
-0.7184948649372194
0.6445203527265767
1.3318560796082373
-0.28044203964213454
0.779846387742498
-0.9077340605472107
-2.107981553130402
-0.03231179724805666
-0.4971962148490357
0.46572432873184477
-0.1401046646302518
0.10491168626219821
-0.647889004800554
-0.5657393982904068
0.5633008192443573
-0.1870374455484185
-0.5504821283520757
0.16560704740940158
-0.42493716064383613
-0.12813338219818993
0.8073689533674637
1.8290715696237558
0.05868986603599516
0.5875695169532325
-1.5575116322536917
0.4364866564161397
0.08432740639288566
-0.7046160880600434
1.6079390237284141
-0.5948676987451431
-0.513607199027537
-0.9954411943149266
0.22699386134393332
-1.1394016464998102
-0.11775378545161566
0.02669641931792492
-0.8291788691828533
0.8535124661526358
1.350583058127176
1.006868077195086
-1.0566565423690164
-0.48556909447509855
-1.1107377474467366
1.1623465803525608
0.7459231766762993
0.5468181532490684
-2.2050857627586264
-0.488113919760799
-0.8150467735830266
0.6681453947063202
0.9681857569394619
-0.5966557472359576
-0.11394849192243078
1.0350717551502886
0.9243337175138483
-0.5860789950415607
0.2293666258949155
0.11549886250246712
-0.6536716635281897
1.4816849316796024
0.8616913808110666
0.027542348804848717
0.7908569507959162
-0.02764994477406043
-0.31762168263616675
0.4201975580319858
-1.5403345805808237
-0.6466371295008284
-0.399864126219113
1.1036348624562866
0.4745578770648267
0.7806967936568526
1.779120439552043
-0.38851968167995404
0.6418865190950925
-2.008057834200293
1.486880910765801
0.11677619146904523
-1.1039818546538944
-0.195453757079256
-0.4630035102087878
0.55028409179399
2.647449105838013
1.8214865918899035
0.2764494744092074
-1.3284923434245348
-1.6892328384693696
3.4032028490679274
1.4712206636099798
1.6765917729860798
1.1218473997308633
1.3921714994581256
0.02138890215385303
0.3483720650636312
2.1044957624689813
0.43230446933426403
-1.0591025208441796
-0.5308449102219777
-1.9689400222828097
-1.4741356733739186
0.4564777051202733
-0.8553508059405008
0.7427263882928354
0.12744940332017868
-0.836525889650252
0.8572592230451483
0.7374904757655115
-1.071028379666081
-0.6192065113143568
0.2576377226462216
1.4811196058965803
-1.131209098256554
0.6263311776080319
-0.36564384073761186
1.4719801673728747
-0.04262896071142512
0.5032960873534928
0.3722912713963089
-0.12135924454704203
-1.0639731104097125
-0.03394715082920755
0.807011268078544
0.4610564703648746
1.0333362522539826
0.5546806834681848
-0.682987593418003
-0.9987938288602304
-0.10194547792828787
1.354273354962601
-1.2543148340369505
0.4189687209171857
0.5533676820224984
0.2623349054894628
2.1478446921002274
0.40503989066042617
-0.16796129950979255
-1.1472575544849213
0.4738873586833806
-1.521201330733822
0.7203681734645544
0.0333570367631161
0.5923920255584081
-0.3133143312703074
-1.3603355587496122
0.0014615916898053436
-1.3615543256156073
-0.3276530292068532
-0.2493137871374894
0.25257540311682125
0.8048202093320401
0.1430115408092107
-0.41274689713981505
0.49934446107918184
0.15846498695941405
-0.32391918244675083
0.5838530200850719
3.123569902924297
1.6591104224371578
0.07458269740882204
-0.9699036415620186
0.4479923590868499
-0.8374453150375502
-0.9834498907027978
-0.08313927598663914
-0.5018652014807652
0.3967161418094936
-0.4471887509131147
0.7850110126301701
-0.18354562305899866
-0.588487030112691
-1.1239448898883722
1.4536293042019017
-0.10186992464133954
0.01793893998144252
1.0720104976906122
-0.7810807437302754
0.7587832849806995
0.3458756579411461
-0.019175596848653623
0.5902097702644884
0.6057330665745625
0.17988336926007376


DISTRIBUCIÓN POISSON
DATOS GENERADOS:
13
10
6
6
7
6
13
7
1
4
4
5
4
6
7
6
4
4
3
4
6
4
6
3
6
2
3
10
6
5
6
7
8
8
4
9
7
4
7
5
4
6
4
9
3
5
9
5
3
5
10
3
7
4
9
2
6
7
9
6
7
5
2
2
5
3
7
7
8
5
2
3
7
10
7
5
1
3
4
6
9
9
5
7
7
3
4
6
7
5
1
7
11
6
4
6
6
5
6
13
6
5
15
6
11
3
6
4
8
9
10
4
9
2
3
10
7
6
4
5
1
10
5
5
7
6
7
9
8
3
8
11
5
6
6
7
8
0
14
2
9
4
6
6
5
1
8
2
8
8
5
5
6
4
3
6
5
5
6
8
5
6
4
4
6
3
6
11
7
6
6
4
7
5
2
6
9
5
6
11
8
5
1
1
7
5
6
9
5
4
6
5
12
7
5
7
4
5
8
6
5
8
7
5
8
6
8
8
5
5
4
7
6
8
7
7
5
4
13
9
10
4
3
8
5
3
8
6
2
7
4
8
6
5
7
1
7
5
8
1
6
7
9
8
3
7
6
5
8
10
9
4
6
10
4
5
5
4
7
3
15
5
5
3
1
7
4
7
4
5
4
5
6
5
7
10
8
5
7
0
5
8
6
4
4
3
6
4
4
4
5
9
1
3
8
3
7
5
9
4
6
6
4
7
7
2
9
8
4
3
6
9
6
3
3
6
1
10
9
4
10
9
4
10
6
3
1
4
9
2
5
9
6
3
7
5
10
5
7
6
4
9
6
4
7
8
5
8
6
4
12
7
3
8
11
4
4
6
6
8
12
6
13
9
7
7
6
9
7
8
7
4
6
9
5
2
9
6
5
6
6
8
10
5
7
11
6
4
7
8
3
7
8
7
8
12
5
8
4
2
9
6
8
6
2
3
4
5
6
5
4
6
1
7
7
3
4
9
2
5
1
7
4
5
9
3
6
6
5
3
7
6
3
7
11
13
10
12
7
6
4
3
8
2
7
9
5
9
6
8
6
2
6
6
7
6
4
7
7
2
4
4
5
8
7
8
5
7
7
6
4
4
2
12
6
4
3
1
7
9
6
5
4
3
7
2
6
1
5
6
7
7
8
8
6
4
6
3
6
6
7
9
3
8
4
5
3
8
7
8
4
6
5
7
3
3
5
6
7
4
7
4
10
9
5
4
5
4
11
5
7
13
8
6
2
5
8
3
4
8
6
5
4
6
3
5
8
6
2
4
5
7
4
4
4
7
4
10
7
8
7
11
7
4
6
6
4
7
11
5
7
3
6
7
4
7
4
0
5
7
4
4
6
6
3
7
7
6
11
10
6
5
3
7
7
3
6
12
1
4
10
8
8
1
6
4
4
4
7
2
7
4
5
9
3
10
4
8
2
15
8
4
7
4
5
3
7
0
7
8
6
8
3
6
10
7
10
4
9
8
7
5
2
9
13
5
8
3
3
6
4
1
9
3
8
1
5
6
4
6
8
7
6
3
3
4
4
9
4
9
3
4
6
8
5
8
7
4
5
5
6
8
3
5
4
7
7
4
6
3
6
7
7
5
9
5
6
6
7
4
14
5
7
6
6
7
5
7
6
7
6
8
4
11
4
4
5
10
10
2
10
5
8
6
9
9
9
8
4
6
1
5
8
7
4
5
6
5
3
7
11
7
3
4
5
8
4
8
5
8
6
3
4
9
5
5
5
7
10
7
4
13
6
5
8
5
6
13
7
5
7
5
7
6
5
8
2
9
5
6
7
5
7
4
5
3
9
3
8
3
2
3
4
3
6
3
6
7
6
5
5
5
5
7
8
13
5
7
5
7
6
4
3
5
3
9
6
5
5
6
8
6
4
8
7
7
4
9
9
8
4
5
10
4
6
7
7
11
9
9
9
13
3
4
9
12
4
8
10
3
8
8
5
8
6
1
8
6
7
3
7
4
9
7
7
5
5
3
2
4
4
6
3
3
9
3
5
9
8
1
6
4
8
6
5
9
4
5
9
4
8
7
9
5
5
7
8
3
5
8
6
6
9
1
7
8
3
3
5
3
3
0
4
3
9
5
3
9
6
6
5
8
7
3
7
10
6
7
4
7
5
9
8
4
5
4
8
6
2
4
6
6
4
6
8
3
4
6
3
4
5
10
2
7
6
4
9
6
2
10
7
8
8
6
4
4
5
8
8
6
10
7
9
6
8
7
8
7
5
6
4
9
3
5
8
8
8
8
7
4
6
4
4
7
3
6
3
10
9
6


DISTRIBUCIÓN EXPONENCIAL
DATOS GENERADOS:
0.04791274969741476
0.037474144957579975
0.0028420166258168304
0.01743358667191231
0.0021575188567818497
0.046974525027881235
0.025122601302578262
0.005618889265798268
0.037015712640818196
0.08388353718274592
0.007502504414110526
0.007152747512591871
0.012303136429623399
0.010308126772207224
0.020940804448966288
0.0825512733232689
0.022831132141286545
0.03708133468454068
0.014297914202211891
0.004009271895228412
0.008251639390521242
0.039071907515118146
0.04459370587182019
0.023781996713201706
0.017088736201854877
0.007212786529235738
0.058880197465493764
0.039275786547604746
0.04206095218155862
0.10308530678538547
0.03889016284298251
0.04504339647778512
0.09365264150751343
0.04527304168258901
0.00170824156567788
0.0005030660593023847
0.03137728409284428
0.010794058634950754
0.0012057431370099654
0.05844327910396423
0.0938371017602716
0.008467986758324128
0.012086839938253576
0.11304773149810503
0.05714941985625791
0.03193284709191529
0.0842004782449947
0.0749315277078258
0.018711654665649457
0.11637613592843912
0.022624894977284718
0.014311780516399296
0.025914306328125372
0.02895519929148622
0.04978230580276055
0.020036114368254202
0.022291066272238095
0.03668575145860283
0.07783684586792869
0.00015046972482835725
0.002492338839831114
0.03955505353293524
0.03856906358296055
0.07147111755614713
0.01398293949036116
0.02204778197702031
0.028946807298353777
0.02736956435722192
0.05368097412518606
0.016920001048841237
0.02753923004603554
0.006834789678342605
0.007405465541422768
0.07338245711454133
0.005517573045330926
0.0062301428482939075
0.0005194992703386584
0.013629968683981825
0.039621544486976336
0.013043309479718355
0.03257547809041709
0.023001973551496552
0.006777868621461515
0.12004125210992693
0.10423954541971109
0.006264643780035266
0.025649184911664603
0.023185328640819524
0.001753998086209199
0.008475023948046284
0.013204326574963642
0.00956804495737535
0.0928352197469673
0.029836008368051427
0.009212727755330772
0.005829037497286022
0.06165461598656624
0.017799209349953937
0.01733931052152879
0.009596142015491863
0.025417133876270644
0.017362154928374778
0.02491357941827772
0.07154381934605393
0.011728481861625246
0.03023914181173522
0.03281157254103269
0.016492099408233304
0.0713341899894776
0.016430678683131607
0.0806552448562037
0.08266726961543244
0.0324823068422529
0.031916198391794055
0.0032710794128603393
0.04369860542122344
0.009476911779893606
0.011631634237634986
0.01714614240591081
0.034840801440683244
0.007220046732792534
0.033215294336719665
0.04955277199330918
0.019366712163426777
0.015612685612938
0.02293336005215131
0.03721378667505941
0.007998501008820016
0.03955486450847462
0.012648045512934247
0.05076466049008161
0.07961588751811545
0.03920058231869929
5.6543205946369256e-05
0.039903758105957116
0.004599125220533066
0.0009660324492266186
0.02090943477166352
0.007173176250634691
0.017011685141667857
0.14047915384935028
0.02396417123272992
0.03765043605686496
0.011656353647824323
0.08845308027821618
0.0776290533873272
0.0024297540611653732
0.10181296855469699
0.028240835782435997
0.03833874633663034
0.022744093187179536
0.00016046143843422597
0.03250172255946718
0.06140734124717985
0.021907996755785093
0.015764248125369775
0.0011040222964556407
0.007734026678478486
0.05929377159575644
0.0020593455541627575
0.019660725154303643
0.008810103699421422
0.0002807371156344374
0.010420576943914824
0.0024512977733221505
0.04235979875103637
0.07249237820567749
0.0045118224702693
0.008737755928706707
0.05529193046924218
0.008496355524653911
0.011710606852389439
0.0037524477937419913
0.08471079061028644
0.0909963415953364
0.009608690584592109
0.005747998865479036
0.04292923835539524
0.009439818032668886
0.0043233079388240725
0.020423676859170986
0.02401916744218815
0.06964553243997672
0.014097904635629559
0.028981100782852875
0.03418643172240576
0.048699101017282705
0.010251462358701618
0.02102077666415078
0.02281687572734826
0.009164807684566496
0.02203545429246831
0.009190453670124964
0.01011375682567691
0.00907135953902335
0.0168228429925534
0.07863942468632476
0.01614432158820275
0.02205292016735471
0.05130923662980229
0.05145223580331384
0.038868888657103424
0.02016012581201452
0.006691819819224268
0.009207664193511452
0.003570964966690927
0.003793308238247724
0.014236462275100862
0.007064593319922799
0.019546047254516575
0.0689790467271072
0.0005902606724954323
0.013246789406369542
0.006795975029361557
0.015222948854622283
0.04842414696331009
0.07451310002754548
0.029757548161632588
0.05307711471512163
0.022434144897479826
0.021009186097121553
0.05054551712599952
0.02558202717373052
0.043685305471507486
0.09265232687082184
0.018142272011299275
0.019711038468187354
0.019610553287898593
0.025204183853097042
0.029115578522227237
0.19756827471552982
0.001970502118238652
0.017039221137951577
0.006578049038625977
0.047686988920075286
0.008485722231954828
0.0018725126572478944
0.02725913395458591
0.042229143864813044
0.0958662005603834
0.007230000069789489
0.05044306801035255
0.004634505615241299
0.05966069727486831
0.06181256335965186
0.02244250005330083
0.03154390435354621
0.021486248809439206
0.012184382580402426
0.023371547242862497
0.003991722093025949
0.027658586141099253
0.013232622066653871
0.020736310443366036
0.01726949743273057
0.04093818328538077
0.04283683244359653
0.03509629193571722
0.044326076782260644
0.01277004777911839
0.028147564369270968
0.045529763527528286
0.009130166541686496
0.0011551349463079933
0.023081223053012526
0.024894818848302667
0.004616996274673455
0.019088474995831575
0.053442441658487584
0.03159328324541244
0.00496470423816097
0.06278158030941519
0.026103947416509222
0.0008026918709229112
0.012186516615180259
0.009717159380096093
0.06446795503494193
0.0038509770375986544
0.01763837981203665
0.015144559736756684
0.04856918645057055
0.027877804944671614
0.011869988654745077
0.013284462897918686
0.015502082568204293
0.006550044538617404
0.03657750038470027
0.019581634195500446
0.0033665343384259834
0.047144036332323454
0.0011732538927746513
0.002960203841951586
0.018390554466208093
0.0232890943887964
0.0002106560855464603
0.016680496755644175
0.0013532540455754474
0.02365770822960323
0.00950723835667924
0.016178349546234545
0.0388442140060271
0.010378358341964449
0.0333469355812563
0.01915518540329882
0.015355338136975986
0.0004455914173772873
0.07123614187857988
0.07022888962722582
0.030619229563506777
0.02608252248227431
0.02106841891061709
0.07484772167562653
0.006963166660517991
0.019045213969440297
0.003541671289170939
0.0688586348031489
0.007150112244893129
0.0021582293133843196
0.003190342698369158
0.009590427266843256
0.034119039609025265
0.006001060923572328
0.04500926200506632
0.06126038496347558
0.11454732729467962
0.0041131916901549995
0.023737573514680692
0.032196443565294934
0.00548748955828255
0.07412297179891603
0.0628464946842037
0.030490373258002176
0.07222532341774554
0.006634667349828371
0.023194012501783393
0.03743176324623933
0.0395641475810388
0.018037409012246985
0.030705323992234322
0.008099960825099508
0.016326128122088567
0.001146210643201161
0.04340520867879316
0.009695431557394437
0.01608323647205001
0.048971665102188915
0.0054130233073553845
0.002500066353939361
0.004575021465947331
0.009963835741853723
0.02430099208646152
0.015002048982889383
0.010131803585598651
0.032564012769864495
0.02673298550318587
0.011648888557703789
0.021019557753552864
0.00013928522200526116
0.02373675559566289
0.004359611652667702
0.07638645082199785
0.005201680974252039
0.05631019549878935
0.004814751775102725
0.053302577205643346
0.04476041674972048
0.020382702479675135
0.048317652570647726
0.017201568748955412
0.05588726836800777
0.01388543807448832
0.006090134607368567
0.004599616680736827
0.03888230238219973
0.02092984532901915
0.02313317439582153
0.04727387015473103
0.014535923421524296
0.028985173076710266
0.03310153544334561
0.011086128512539326
0.005722495286977686
0.002859630782081586
0.005095374397588371
0.013791619721891144
0.007921928381484812
0.012054071650613726
0.003752891074802641
0.0511660601919816
0.059545887417691276
0.007696401898882736
0.021866189225633624
0.026899217973721655
0.017237175937672426
0.05976536838613056
0.012740471630767162
0.04303160678754061
0.07103538358569354
0.03250160453199745
0.014220628667958708
0.0434517266241462
0.03530692149507315
0.05005616434241209
0.01430739077198349
0.014724201024545528
0.005115119539939947
0.029659244240227655
0.002313317563213365
0.03241986079660712
0.00754089982512177
0.06944509909256781
0.03586883246215491
0.0642276745349567
0.033728950681113846
0.0018739947684293403
0.04119233742721013
0.06303379924483485
0.07924813618906316
0.0011468996040624392
0.018400311000428087
0.047660050824874386
0.040914041602369874
0.0014033167858052478
0.018625979668762005
0.008782434069065882
0.015092574763203208
0.029562205736812387
0.08973682310275079
0.020170313633496202
0.035304152350388245
0.010019788134196456
0.022882791822608405
0.004611493035789139
0.02050899965220564
0.008901730326449427
0.08196361600385987
0.007773153749544136
0.0028443135581065547
0.00877064654667946
0.024030449185785716
0.01754228519531227
0.021853803537051335
0.007192807221850029
0.01875474517714477
0.055361848138912956
0.018984759012361796
0.023970130631840454
0.030945501377663092
0.023817778433010826
0.007756025343262119
0.02273015155531136
0.0927339166459312
0.047658187816721494
0.05231499428913034
0.02423739548370685
0.04786427899167009
0.011633875747540384
0.09626801121231306
0.022736671152689323
0.12875700342075527
0.07487104889602901
0.0340181183008785
0.0014936972786580805
0.013802460350618937
0.02908012305644972
0.01925113463351149
0.0015150489233477032
0.05887385748795162
0.061993931630189326
0.011020256029521069
0.12528315820533606
0.0014985160888003187
0.01904706552365992
0.018064716870059914
0.1377410634996061
0.036618622877834836
0.0044997820765774466
0.0482171400058921
0.05237472141812529
0.03880516269829554
0.013327391297412372
0.0058623624111249295
0.008603167760599098
0.00384631732729262
0.08184595272032172
0.006231355948943271
0.016263769071239446
0.043987626493894726
0.02757396747905736
0.007861707545783565
0.01622318272536775
0.029120663150065246
0.025005897169981715
0.058798149110219695
0.006319352244688738
0.005372771764369131
0.008456487693835068
0.05711402497767929
0.009378607675831105
0.005012624850709965
0.008054639368167677
0.08716409227564714
0.020155046256589645
0.005025818540336291
0.021719079424106814
0.0013638250442209814
0.026899082511801096
0.010555965409026508
0.015002693345684041
0.0028808511941204066
0.001607875184318206
0.04026057355109
0.0033881188819783973
0.03192435687463154
0.00900469294464475
0.0003642412756053345
0.0011426200326584484
0.019642138837600624
0.02089304085285921
0.023742168261411702
0.012378443406161855
0.16740302345991304
0.06695440365842675
0.01436940813274064
0.012858730461326899
0.03459953627556516
0.07539587231757182
0.008610695790417908
0.04174783343183364
0.04088099368506897
0.03919980174146734
0.011584545856966041
0.013406935507044386
0.07426977504007458
0.0022507868708522166
0.06902407948022968
0.027615358070548233
0.03058236328044074
0.02048680597186069
0.012334274245736654
0.027480244166062425
0.09994650357373379
0.03936831697819001
0.004204630017692246
0.01649177597792722
0.03278941348267443
0.04464221630983954
0.01537365809045818
0.06265261884896235
0.020515187837052
0.011863032773028484
0.013949025850353266
0.029371279278016697
0.039562916329923425
0.0050233429787745875
0.047244201247820104
0.028318249872725527
0.0015760654413742696
0.016264043324224813
0.013623587402209784
0.002477008857274282
0.008080418581602786
0.013603223582771827
0.01396809119630603
0.07145225200560515
0.020023100127225715
0.02239129058956089
0.008554123185302144
0.22119183413984245
0.04987797193496227
0.02427567305602093
0.044962363957637745
0.005521988166852126
0.04150243882212189
0.016747766316897346
0.006562690755347162
0.019155900737942554
0.02293128759437073
0.0019721246372225243
0.007815732822126118
0.016395932684933858
0.03058056352262859
0.0007818253405808621
0.01627914868285949
0.011914415959820901
0.00153641968604284
0.05280375631648428
0.01158317283194593
0.01466035388597105
0.001461136831415073
0.061810763096206235
0.026401691378937574
0.027402070064691097
0.029294858019922286
0.004033122173074925
0.04779865498573815
0.012684896407603535
0.011841344094116937
0.017644500012977626
0.0013027392038127822
0.008483982380090167
0.07288098224566487
0.011634729656200915
0.019194347544190752
0.006669475652728882
0.03151339931029982
0.04906964765626866
0.013383562735058536
0.0013512673060872454
0.02766084995807121
0.0011619909792030053
0.00625968684342879
0.011577505359325068
0.025768075064219294
0.02727700083666448
0.013943622707300218
0.03552929662741307
0.05178221706864058
0.01666316822798707
0.066209634990058
0.02357150301526892
0.0028351958840729906
0.03600951372249697
0.051586204378335075
0.05697454134581516
0.0005515776435715911
0.010244267169448242
0.0175809964635297
0.013681713349758134
0.10503117546662274
0.013335536261855695
0.02397532757912246
0.04723610761563984
0.027457672008786828
0.013004116565843741
0.03156639482785966
0.03816379147020476
0.0029156252742696433
0.05710853149585563
0.072838531105654
0.007627366092099192
0.02505824442434246
0.03987421190601424
0.008440275092926995
0.012293553237548719
0.011102722729782721
0.004577791434341822
0.011185657343201772
0.00010911939938089489
0.0600822086102731
0.022029179858266225
0.005084255059109658
0.033454420070461524
0.009546124846937338
0.00494692989883298
0.02118286835450998
0.05999820075953159
0.06220895469887037
0.009096881170704117
0.022245418772916484
0.04502052193226943
0.07269830569502363
0.020732422663378866
0.010609164634365549
0.009739991461980898
0.05155514749503942
0.026879739912636456
0.0012153910768548611
0.005959135648002356
0.0005292840116263911
0.004925591209945569
0.010659715588452278
0.00501095726148044
0.027035245098485605
0.01017047925494234
0.00012974903777751004
0.003478832991413865
0.0016406051553054326
0.006656522098596577
0.0009775988100091772
0.07977084509105464
0.0849150149619031
0.016339562000820408
0.036161479326319794
0.015698866515804717
0.033490246402428335
0.06222168153936317
0.030183803130322193
0.021632393697358063
0.02611952152762805
0.027154244643954724
0.015444462582065003
0.022668100367565797
0.02607922098811556
0.0038050389947451766
0.027480370865763062
0.01010218220062666
0.005682737424603698
0.09249758415023941
0.031072442696092797
0.006673068648479351
0.08431521906977807
0.015664976359193134
0.06130626268042289
0.004106535734566867
0.017154183471807454
0.019875337619386608
0.025734937575122505
6.0357465482814896e-05
0.010051060176848415
0.02075703777704407
0.0022391319074235574
0.011018327723363022
0.012327005007969244
0.021685904007660566
0.025462449155509555
0.029204736263181284
0.012273932667790479
0.0008866728489471529
0.08656706049690843
0.0027992708868726577
0.017103826805901914
0.002145950391621557
0.047926659529517066
0.004646044171812628
0.032369125008610215
0.002764969829995213
0.033152631642900256
0.03175399972542432
0.005971151674955063
0.014424774182676462
0.0016740794794689454
0.011269740210527826
0.006612449489638292
0.00018341360344355226
0.02241802493332142
0.036633768939707254
0.04939334322367825
0.010439602030879326
0.013569255906451742
0.00159954013877385
0.0019407177334208358
0.00637214360010889
0.014714588528151832
0.010627597897735774
0.06820014632567264
0.03543937057638549
0.045072139480416225
0.029656596402897365
0.1211678453603254
0.018953072923580887
0.025570934086981703
0.09367672343867321
0.003633476115377328
0.00556115859112886
0.035113201606768625
0.0015934243984149388
0.014543590745836875
0.003698303125875029
0.02210649029042635
0.019603302397874556
0.028928773619836458
0.022327282906171083
0.09375104146167326
0.0444253571040968
0.0008092204190119415
0.0772983811173938
0.0199276259060039
0.004494928719339618
0.11222796853577251
0.021360564733875844
0.04197849230717879
0.06831640893586065
0.07147408278553269
0.0016993843694479405
0.016491159617065505
0.01669408199623355
0.07390553158475746
0.0062435723623126375
0.038195157797118136
0.039421514961752016
0.006593502528141134
0.04062564511589796
0.023171472499381267
0.048444042680889435
0.03886837303170476
0.03999112601916513
0.012135480240046695
0.06449384134674871
0.026585885434429822
0.09344285739942094
0.05139093364155618
0.024227059513794606
0.021557983517488
0.01052741807310739
0.05734373763013799
0.07121753656914959
0.07012071337804461
0.014427530478001941
0.02717502153479791
0.013038352803813
0.01917858031202779
0.0253258986961479
0.08596058463148157
0.01812593756441826
0.049641473703870086
0.013889292860541537
0.01569585173732913
0.0228337655970947
0.007564149945664534
0.042556011116740386
0.05970310807429517
0.0742775984332202
0.061051107628596835
0.012703338604744258
0.07463461631054215
0.03599935870601708
0.03523550651792421
0.14968512876568582
0.017396204131481494
0.15364463678086598
0.014202496355066574
0.028075826472208607
0.02762137321638526
0.005701811106044933
0.03133101277094599
0.03708560395729593
0.042315131016708134
0.11579587841027811
0.03925466516049539
0.07275658233921621
0.047949158412446666
0.01582069317270904
0.016517278340074767
0.037166104095000985
0.05405857553156042
0.034146387952321514
0.004897168778109249
0.009937742821753193
0.005398776790442472
0.046900754772827395
0.04159248780678197
0.027380897018521255
0.03474275214243016
0.1139454532686731
0.014060960460682554
0.03844915546516691
0.08252786375870778
0.006713759209179655
0.00982311177341282
0.0644853566402781
0.013634656789972792
0.07655648598654538
0.028895779868114094
0.08071097918661155
0.0005437928945602213
0.012775650579335685
0.05578212156464746
0.021123433859190806
0.004120179875007389
0.06344593358003868
0.022861939955392818
0.04284595623750884
0.026624413205629437
0.03773770256347912
0.01001340938401636
0.026976986838274642
0.00782281262710014
0.08801231333911723
0.003642055924275982
0.08235330312512966
0.02579454726726623
0.10126735543237085
0.01810864559383505
0.05136399063082135
0.037310670356393114
0.006354173519979375
0.027310044402586588
0.023137125382366272
0.020960002918948832
0.022962469022097164
0.01445797272104269
0.013276821731669369
0.0016626134443941242
0.040920102440248324
0.01437254662328336
0.026232653379172046
0.04381906316322975
0.019318088315679206
0.0359805654856377
0.027633439855995253
0.003395323479357517
0.1491321897422743
0.05931948605221556
0.017218717708991207
0.01785913145851944
0.007575510853781052
0.020778106116477207
0.0034641444278247033
0.017042169216141687
0.00670717712320038
0.06017906442260928
0.0010993058677182203
0.021918684769207247
0.012698794550657082
0.017906671549231444
0.1695809059602226
0.014079625133384548
0.05654624057478471
0.06180256973527086
0.0011448836638845539
0.0024533271900106413
0.09024434512551135
0.023141528524891222
0.03378422660091659
0.013599015912578066
0.010826005057561294
0.08047155123208036
0.033759271254833245
0.015321556277286937
0.01751903294735629
0.024105842599104924
0.0017705305368136788
0.10614700869950493
0.0033358185447647996
0.016334793494799816
0.029555097730462172
0.042866015748999384
0.04941927432842918
0.03056581648663242
0.008063627139305595
0.04939795085638547
0.05355477078519845
0.04122216626146029
0.0516833646327243
0.005141245081548937
0.03858182232158839
0.008818346472614104
0.00643668223304179
0.011542047250472117
0.09616920466057258
0.012895590872166922
0.01058102310341719
0.02373269735178947
0.009063511345354543
0.006549117939989388
0.05929938872701889
0.017447578713612983
0.07539515103672022
0.027713479935459494
0.030251237877578302
0.03135653685335063
0.003900683864105926
0.08226005057256773
0.046071135480809655
0.00794163786377999
0.0008047075242124549
0.047961827625849975
0.0351479390733334
0.0006549671311232946
0.019717329603721672
0.011405353480633708
0.07927759313886008
0.004126995919886111
0.006339761779596051
0.018178544441432007
0.010687143692254342
0.0010505632466460627
0.1682393028657451
0.02318484131036601
0.00441122568850234
0.014193968030767152
0.02361753435665439
0.01166286951975319
0.0014447332339491232
0.008801586552725952
0.013960469171187935
0.02213510694492695
0.0026653927278615526
0.01377683281397634
0.012299687508402546
0.04489355703446726
0.03461453828435005
0.004658842657333169
0.03071686084780061
0.013112469477104332
0.010673829906050538
0.10924818529307287
0.02198860488677894
0.07217721659898328
0.02461693912848616
0.005092957227102364
0.03565410744795157
0.018020756002913644
0.029421902891478422
0.023538564789412037
0.00836567954925373
0.0075113523026262416
0.010023667143050937
0.021067148740899534
