RESULTADOS
Media: 96.1257766394755
Desvío estándar: 23.5286789828376
Varianza: 553.598734677425

DATOS GENERADOS
112.033367428265
119.228002190444
88.3452117906093
83.5418424133739
121.510596471583
82.5115373657051
79.9439800171929
111.916709996224
86.538649824299
89.9838873524152
138.348656420066
57.3725259437368
82.8849739540357
86.0949090119854
67.6618782402907
93.9136101016258
81.3400088323321
108.049583987703
86.9924032105168
110.00357643933
116.054027321735
92.1175590664987
84.6225965084471
85.1017570229826
102.375710420399
89.4119782485042
108.007474364373
68.5968643414853
81.4511539541957
85.9030439974776
81.0840986326189
95.7480966804979
85.8249212341429
115.815215555308
83.8016134084743
87.9068734239932
103.763711283022
104.161233678602
103.278974383376
112.314000702823
99.5175350908201
75.1560865117228
93.9812955893846
112.154892857832
103.427016688294
111.460826663129
172.305761616906
118.155092845245
77.2499045397837
61.2288269422341
114.883543833459
78.9054031900204
93.0764086346673
114.593884724041
87.6761161138869
94.3834554261411
97.9684815485693
93.5387931965355
90.2556616943634
84.7606751336071
60.5208672769374
100.281098758293
99.5375448751062
90.2199216568128
25.0069060587599
115.001569675373
95.6938347262959
149.55800204598
91.7561927778623
50.5361960594897
71.6108346363777
137.440135262393
45.311982898525
94.9039806598234
126.152820556126
149.083369485207
77.9149778464901
113.086987491598
47.2595175125426
127.343779044365
112.478255465009
73.7829360301863
87.8208474147816
81.397330922192
135.352537717994
157.772175226651
101.357529291065
74.5934250775002
93.4209852567347
124.166855199053
107.926245890902
79.2655349077487
81.8726893123816
110.346156288642
83.1053555608833
81.3620678433907
112.82066543359
88.334938581795
92.4421438596277
114.50199130173
